285626 285627 285628 285629 285630 285631 285632 285633 - 0.0054
365581 365582 - 0.0004
613092 613093 613094 613095 613096 613097 - 0.0022
915666 669920 - 0.0036
796317 796318 796319 - 0.0003
861843 861867 861868 861855 861856 900016 900017 - 0.0094
328404 - 0.0000
159118 159119 159120 159121 - 0.0009
487907 487488 - 0.0005
598748 598757 598752 578084 578085 578095 578094 578093 - 0.0067
912319 912320 912321 - 0.0003
289483 289482 289481 - 0.0003
125769 125768 125767 - 0.0005
406880 - 0.0000
576620 575900 575901 575902 773659 773660 - 0.0021
432468 432467 432466 432465 - 0.0010
773471 773470 - 0.0006
784878 784879 784880 - 0.0035
497746 497745 - 0.0046
340608 340607 340606 - 0.0011
163534 163533 - 0.0000
11225 11224 11223 11222 11221 11220 68759 68760 - 0.0010
394310 - 0.0000
177078 177079 177080 - 0.0004
124125 - 0.0000
888480 888481 888482 888483 - 0.0011
527773 527772 527771 - 0.0034
317446 317445 - 0.0001
499678 505212 - 0.0032
99989 99988 - 0.0007
23469 23392 2509 930843 831188 930844 930842 930845 7587 2505 538179 538180 - 0.0088
601373 601364 601363 601338 601339 601340 601341 - 0.0129
514991 514990 514944 514943 514942 514963 514964 - 0.0135
744898 744897 744896 744895 - 0.0022
445729 445728 445727 445726 - 0.0010
369606 366505 366504 368290 369033 369044 - 0.0087
324382 324381 324380 324379 - 0.0003
92906 92907 851068 851069 642929 642930 642931 24386 24385 - 0.0035
927551 826742 927552 927553 927554 927555 927556 927557 826772 927558 927559 927560 927561 927562 - 0.0026
110734 110735 110736 110737 110738 110739 - 0.0029
373304 373260 373261 373262 373263 - 0.0022
350302 350301 350300 350299 350298 350297 350296 - 0.0032
832033 - 0.0000
733287 13459 826348 826347 - 0.0017
403953 403952 403951 - 0.0001
156706 143420 156707 156708 156709 - 0.0007
136512 136511 - 0.0007
873855 873856 873857 801982 801983 801984 801985 - 0.0068
928801 928800 928799 928736 928735 - 0.0060
139308 139307 139306 139305 - 0.0022
458037 458036 458035 458034 - 0.0004
279042 279041 279040 219014 219013 - 0.0092
576242 43310 43311 43312 - 0.0040
703915 703916 703917 703918 703919 461045 695957 695958 - 0.0025
820770 579351 579352 - 0.0045
625598 625599 625600 - 0.0034
749171 749172 572573 70431 70432 70433 70434 70435 70429 70436 70437 - 0.0062
843307 - 0.0000
23094 23093 23092 23091 23090 23089 23088 23087 827357 - 0.0155
707376 707369 707377 69421 - 0.0025
724956 726407 - 0.0005
832556 832555 832554 - 0.0009
571980 590198 60281 60280 60279 60278 - 0.0028
798517 798145 798146 - 0.0060
193623 193622 193621 333396 - 0.0025
790433 790417 790418 790419 790313 - 0.0054
775399 45427 - 0.0000
603977 603978 - 0.0002
505848 505849 505850 505851 505852 - 0.0057
490545 488606 488605 485853 486923 - 0.0022
711133 711134 - 0.0004
390984 390983 - 0.0001
36912 36913 36914 36915 36916 36917 36918 36919 36920 36921 31652 908277 908278 908233 908234 908235 908236 - 0.0042
645857 645858 472473 472474 472469 - 0.0088
55806 55805 55804 55803 - 0.0053
35924 - 0.0000
399071 390648 390649 390650 390651 - 0.0017
546949 546948 546947 546946 586540 586541 586542 586543 586544 563472 565130 565131 565132 - 0.0094
21911 21910 21909 - 0.0011
602607 602608 602609 602610 602935 602906 602907 62945 - 0.0137
52830 52831 52832 52833 52834 - 0.0203
177299 177300 177301 - 0.0004
74489 74488 - 0.0020
845397 845395 845394 845789 845790 845364 845365 - 0.0123
371356 - 0.0000
309952 309951 309950 - 0.0000
657659 657660 509771 - 0.0022
117511 117512 - 0.0001
389502 389501 389500 389499 389498 - 0.0003
431138 431137 431136 - 0.0001
294623 231487 294624 - 0.0015
327789 - 0.0000
555041 555040 555039 - 0.0000
311991 311990 - 0.0006
670998 670941 670942 670943 670991 - 0.0017
151098 151097 151096 151095 151094 151093 - 0.0022
284943 284944 284945 284946 284947 - 0.0019
426099 426100 426101 426102 426103 426104 - 0.0001
883877 - 0.0000
7498 7497 7496 - 0.0004
